11-03-23 11-04-22 11-05-22
[0, 4, 14, 140, 240, 240, 240, 21, 0, 30, 0, 140, 0, 0, 160, 72, 0, 40, 0, 95, 100]
11-04-22 11-05-22 11-06-21
[20, 0, 0, 0, 84, 36, 0, 26, 18, 0, 30, 140, 0, 98, 96, 0, 72, 0, 0, 100, 100]
11-05-22 11-06-21 11-07-21
[0, 20, 0, 0, 156, 36, 156, 0, 0, 0, 28, 84, 0, 0, 0, 160, 0, 60, 0, 0, 100]
11-06-21 11-07-21 11-08-20
[0, 11, 0, 0, 72, 0, 0, 30, 30, 13, 30, 140, 140, 140, 0, 160, 0, 0, 25, 100, 100]
11-07-21 11-08-20 11-09-19
[0, 14, 140, 140, 48, 156, 0, 12, 0, 0, 0, 0, 21, 0, 104, 0, 160, 100, 85, 5, 90]
11-08-20 11-09-19 11-10-19
[3, 20, 0, 0, 0, 156, 0, 10, 30, 26, 30, 0, 140, 0, 0, 0, 160, 100, 35, 0, 0]
11-09-19 11-10-19 11-11-18
[0, 20, 140, 0, 0, 240, 240, 0, 30, 0, 6, 140, 0, 0, 0, 160, 160, 70, 85, 100, 100]
11-10-19 11-11-18 11-12-18
[20, 0, 140, 42, 240, 0, 0, 26, 0, 27, 18, 0, 91, 14, 160, 0, 0, 0, 100, 100, 100]
11-11-18 11-12-18 12-01-17
[0, 0, 140, 0, 0, 240, 0, 0, 0, 0, 0, 0, 119, 140, 160, 64, 64, 100, 25, 100, 55]
11-12-18 12-01-17 12-02-16
[1, 0, 140, 0, 108, 228, 240, 0, 26, 19, 0, 70, 21, 140, 160, 0, 160, 85, 100, 0, 0]
12-01-17 12-02-16 12-03-17
[20, 18, 140, 0, 240, 240, 0, 30, 30, 0, 0, 35, 140, 0, 0, 160, 0, 100, 0, 50, 55]
12-02-16 12-03-17 12-04-16
[0, 18, 0, 84, 0, 0, 0, 16, 17, 30, 30, 140, 0, 0, 0, 136, 0, 0, 100, 55, 100]
12-03-17 12-04-16 12-05-16
[0, 20, 0, 140, 240, 0, 0, 17, 0, 16, 30, 140, 140, 105, 160, 64, 0, 0, 15, 0, 0]
12-04-16 12-05-16 12-06-15
[13, 20, 84, 0, 240, 0, 0, 4, 30, 0, 12, 140, 0, 0, 0, 160, 160, 0, 0, 100, 30]
12-05-16 12-06-15 12-07-15
[13, 20, 140, 140, 0, 0, 132, 11, 30, 0, 17, 0, 84, 77, 0, 160, 160, 45, 0, 40, 60]
12-06-15 12-07-15 12-08-14
[20, 0, 0, 0, 240, 0, 0, 30, 27, 30, 0, 0, 21, 84, 24, 96, 0, 10, 45, 0, 100]
12-07-15 12-08-14 12-09-13
[0, 0, 0, 56, 180, 36, 96, 0, 0, 30, 30, 49, 140, 140, 0, 120, 160, 0, 65, 35, 60]
12-08-14 12-09-13 12-10-13
[20, 20, 140, 0, 216, 240, 132, 0, 0, 0, 17, 84, 0, 0, 64, 0, 0, 100, 20, 0, 100]
12-09-13 12-10-13 12-11-12
[0, 20, 140, 0, 0, 0, 72, 30, 30, 0, 30, 133, 84, 0, 0, 0, 0, 25, 0, 100, 40]
12-10-13 12-11-12 12-12-12
[9, 20, 0, 0, 240, 132, 108, 30, 20, 30, 30, 140, 7, 140, 160, 0, 32, 20, 65, 100, 35]
12-11-12 12-12-12 13-01-11
[0, 20, 112, 140, 132, 240, 0, 0, 0, 0, 0, 84, 140, 105, 112, 136, 0, 100, 75, 80, 0]
12-12-12 13-01-11 13-02-10
[20, 0, 0, 140, 0, 36, 240, 0, 30, 29, 0, 0, 0, 140, 88, 144, 160, 100, 15, 90, 0]
13-01-11 13-02-10 13-03-12
[0, 0, 0, 98, 144, 240, 36, 30, 0, 24, 0, 140, 0, 140, 0, 0, 0, 100, 0, 60, 65]
13-02-10 13-03-12 13-04-11
[5, 0, 140, 140, 0, 0, 96, 0, 23, 10, 11, 119, 0, 7, 0, 144, 160, 20, 0, 0, 0]
13-03-12 13-04-11 13-05-11
[20, 0, 0, 70, 12, 108, 0, 25, 0, 13, 3, 7, 0, 7, 0, 72, 160, 45, 15, 0, 0]
13-04-11 13-05-11 13-06-10
[20, 17, 140, 0, 0, 12, 240, 23, 0, 6, 0, 140, 112, 140, 0, 56, 0, 25, 85, 0, 0]
13-05-11 13-06-10 13-07-10
[20, 20, 140, 0, 0, 0, 0, 29, 30, 0, 0, 140, 7, 28, 24, 0, 0, 100, 100, 0, 0]
13-06-10 13-07-10 13-08-09
[0, 16, 0, 140, 228, 240, 36, 9, 0, 25, 0, 0, 28, 21, 0, 160, 160, 35, 100, 0, 0]
13-07-10 13-08-09 13-09-08
[16, 0, 0, 140, 156, 0, 0, 0, 19, 10, 0, 133, 105, 0, 0, 160, 160, 100, 80, 0, 0]
13-08-09 13-09-08 13-10-08
[0, 0, 140, 140, 240, 0, 240, 30, 0, 18, 0, 140, 0, 56, 0, 160, 8, 0, 60, 100, 70]
13-09-08 13-10-08 13-11-07
[20, 13, 0, 98, 120, 84, 228, 29, 27, 0, 0, 140, 0, 98, 88, 0, 0, 0, 0, 70, 100]
13-10-08 13-11-07 13-12-07
[20, 16, 0, 140, 0, 0, 240, 0, 20, 30, 0, 42, 0, 0, 24, 0, 56, 5, 35, 45, 100]
