10-07-26 10-08-25 10-09-24
[0, 0, 8, 0, 44, 0, 0, 9, 3, 0, 0, 0, 0, 0, 0, 1, 0, 0, 0, 0, 2, 0]
10-08-25 10-09-24 10-10-24
[1, 5, 0, 1, 25, 0, 0, 0, 0, 12, 0, 3, 0, 0, 0, 0, 0, 0, 0, 0, 0, 0]
10-09-24 10-10-24 10-11-23
[0, 0, 5, 0, 3, 0, 13, 0, 14, 0, 0, 6, 0, 0, 0, 0, 0, 0, 0, 0, 0, 0]
10-10-24 10-11-23 10-12-23
[2, 2, 0, 10, 0, 7, 36, 0, 0, 9, 0, 9, 2, 1, 0, 0, 1, 0, 0, 0, 0, 7]
10-11-23 10-12-23 11-01-22
[4, 4, 0, 4, 4, 15, 0, 1, 0, 0, 6, 0, 0, 0, 0, 0, 0, 1, 0, 0, 0, 0]
10-12-23 11-01-22 11-02-21
[0, 3, 0, 0, 9, 0, 1, 0, 17, 0, 12, 0, 0, 0, 0, 1, 0, 0, 0, 0, 0, 1]
11-01-22 11-02-21 11-03-23
[0, 0, 3, 0, 29, 1, 49, 3, 0, 0, 0, 15, 1, 0, 0, 0, 36, 0, 2, 0, 0, 3]
11-02-21 11-03-23 11-04-22
[0, 0, 3, 19, 0, 0, 0, 14, 21, 0, 0, 5, 0, 0, 2, 2, 0, 0, 2, 0, 0, 0]
11-03-23 11-04-22 11-05-22
[0, 4, 0, 6, 12, 9, 61, 1, 14, 0, 0, 0, 1, 0, 0, 8, 0, 0, 0, 0, 5, 0]
11-04-22 11-05-22 11-06-21
[8, 0, 0, 0, 26, 0, 13, 0, 0, 4, 0, 0, 0, 0, 1, 3, 0, 0, 0, 0, 1, 0]
11-05-22 11-06-21 11-07-21
[0, 7, 0, 102, 0, 1, 4, 0, 0, 0, 0, 3, 0, 0, 0, 0, 1, 0, 0, 0, 0, 0]
11-06-21 11-07-21 11-08-20
[0, 5, 0, 1, 0, 4, 0, 0, 3, 0, 15, 3, 1, 0, 0, 0, 0, 0, 0, 0, 0, 0]
11-07-21 11-08-20 11-09-19
[0, 6, 0, 11, 1, 64, 0, 0, 5, 0, 0, 0, 0, 6, 0, 8, 0, 0, 0, 0, 1, 7]
11-08-20 11-09-19 11-10-19
[0, 4, 3, 0, 0, 0, 2, 0, 7, 0, 0, 5, 0, 3, 0, 0, 0, 0, 0, 0, 0, 1]
11-09-19 11-10-19 11-11-18
[0, 0, 9, 10, 0, 0, 6, 0, 0, 0, 0, 2, 0, 0, 0, 0, 0, 2, 0, 2, 0, 0]
11-10-19 11-11-18 11-12-18
[4, 0, 2, 55, 1, 38, 0, 0, 0, 0, 5, 0, 0, 8, 0, 7, 0, 0, 0, 2, 0, 0]
11-11-18 11-12-18 12-01-17
[0, 0, 9, 1, 24, 0, 8, 0, 0, 0, 0, 0, 0, 5, 0, 0, 1, 0, 0, 0, 0, 0]
11-12-18 12-01-17 12-02-16
[6, 0, 0, 29, 0, 34, 0, 0, 0, 0, 9, 0, 8, 0, 0, 0, 0, 3, 0, 0, 0, 0]
12-01-17 12-02-16 12-03-17
[0, 4, 1, 0, 0, 36, 0, 0, 8, 7, 0, 0, 12, 0, 0, 0, 3, 0, 0, 0, 0, 0]
12-02-16 12-03-17 12-04-16
[0, 9, 0, 0, 1, 0, 0, 0, 0, 0, 4, 0, 0, 0, 0, 0, 0, 0, 0, 0, 0, 1]
12-03-17 12-04-16 12-05-16
[0, 0, 7, 0, 0, 0, 0, 0, 0, 0, 0, 13, 0, 0, 0, 0, 0, 0, 0, 0, 0, 0]
12-04-16 12-05-16 12-06-15
[5, 3, 0, 16, 0, 2, 0, 0, 7, 0, 0, 0, 0, 0, 0, 0, 0, 0, 0, 0, 0, 0]
12-05-16 12-06-15 12-07-15
[0, 3, 0, 4, 17, 0, 9, 8, 0, 21, 0, 0, 0, 1, 18, 0, 1, 9, 1, 0, 0, 0]
12-06-15 12-07-15 12-08-14
[0, 0, 0, 31, 0, 84, 0, 0, 0, 30, 0, 0, 0, 0, 4, 3, 0, 0, 1, 0, 0, 0]
12-07-15 12-08-14 12-09-13
[0, 0, 9, 0, 32, 0, 0, 0, 0, 0, 0, 0, 7, 0, 0, 0, 0, 0, 0, 0, 0, 0]
12-08-14 12-09-13 12-10-13
[1, 0, 4, 9, 0, 17, 0, 0, 0, 0, 0, 19, 0, 0, 0, 0, 0, 0, 0, 0, 0, 0]
12-09-13 12-10-13 12-11-12
[0, 0, 9, 6, 0, 22, 0, 1, 0, 0, 0, 0, 4, 1, 0, 0, 0, 0, 0, 0, 1, 0]
12-10-13 12-11-12 12-12-12
[7, 0, 0, 0, 0, 0, 0, 0, 0, 13, 0, 0, 0, 0, 0, 0, 0, 0, 0, 0, 0, 0]
12-11-12 12-12-12 13-01-11
[0, 9, 0, 12, 0, 2, 1, 0, 0, 0, 0, 0, 0, 0, 0, 0, 14, 0, 3, 0, 0, 0]
12-12-12 13-01-11 13-02-10
[0, 0, 4, 0, 93, 0, 0, 62, 0, 0, 10, 0, 0, 0, 0, 0, 0, 5, 0, 0, 0, 0]
13-01-11 13-02-10 13-03-12
[0, 0, 8, 0, 87, 0, 3, 0, 0, 0, 0, 0, 2, 0, 0, 0, 0, 0, 0, 0, 0, 0]
13-02-10 13-03-12 13-04-11
[0, 0, 4, 0, 15, 0, 0, 5, 0, 0, 0, 24, 0, 0, 0, 0, 0, 1, 0, 0, 0, 0]
13-03-12 13-04-11 13-05-11
[6, 0, 0, 0, 42, 3, 21, 0, 0, 0, 8, 0, 5, 0, 0, 0, 0, 9, 0, 2, 0, 0]
13-04-11 13-05-11 13-06-10
[8, 0, 0, 0, 0, 14, 1, 0, 0, 0, 5, 0, 0, 1, 0, 0, 7, 0, 0, 3, 0, 0]
13-05-11 13-06-10 13-07-10
[4, 0, 0, 0, 0, 0, 0, 0, 0, 26, 0, 0, 0, 0, 0, 0, 0, 0, 0, 0, 0, 0]
13-06-10 13-07-10 13-08-09
[0, 7, 0, 0, 90, 0, 6, 1, 0, 0, 2, 0, 0, 8, 0, 0, 0, 0, 2, 0, 0, 0]
13-07-10 13-08-09 13-09-08
[0, 0, 6, 0, 5, 0, 0, 0, 0, 0, 16, 0, 0, 0, 0, 0, 0, 5, 0, 0, 0, 0]
13-08-09 13-09-08 13-10-08
[0, 0, 9, 43, 0, 0, 0, 0, 0, 0, 0, 0, 0, 0, 2, 0, 0, 0, 0, 0, 0, 0]
13-09-08 13-10-08 13-11-07
[3, 0, 1, 0, 31, 0, 2, 0, 15, 8, 0, 0, 0, 0, 0, 0, 0, 0, 0, 0, 0, 0]
13-10-08 13-11-07 13-12-07
[9, 0, 0, 21, 4, 0, 0, 11, 0, 0, 0, 0, 2, 0, 0, 0, 0, 1, 0, 0, 0, 1]
13-11-07 13-12-07 14-01-06
[7, 0, 0, 0, 116, 1, 9, 0, 0, 0, 0, 0, 0, 0, 5, 0, 2, 0, 0, 0, 0, 0]
13-12-07 14-01-06 14-02-05
[0, 1, 0, 0, 11, 55, 0, 0, 0, 0, 0, 31, 0, 1, 0, 0, 6, 0, 0, 0, 0, 0]
14-01-06 14-02-05 14-03-07
[0, 0, 2, 159, 0, 0, 0, 0, 20, 0, 0, 0, 1, 0, 0, 0, 0, 0, 0, 0, 0, 0]
14-02-05 14-03-07 14-04-06
[0, 4, 3, 7, 0, 0, 0, 0, 0, 3, 0, 9, 2, 0, 0, 0, 0, 0, 0, 0, 0, 0]
14-03-07 14-04-06 14-05-06
[0, 0, 3, 150, 0, 0, 0, 0, 16, 0, 0, 0, 1, 0, 0, 3, 0, 0, 0, 0, 0, 0]
14-04-06 14-05-06 14-06-05
[0, 0, 5, 42, 0, 0, 6, 0, 0, 9, 0, 8, 0, 0, 0, 0, 0, 1, 0, 0, 0, 0]
14-05-06 14-06-05 14-07-05
[0, 0, 5, 35, 0, 1, 0, 16, 16, 0, 0, 0, 2, 0, 0, 0, 0, 0, 0, 0, 0, 1]
14-06-05 14-07-05 14-08-04
[0, 9, 0, 30, 0, 0, 0, 0, 0, 1, 0, 0, 3, 0, 0, 0, 0, 0, 0, 0, 0, 0]
14-07-05 14-08-04 14-09-03
[0, 5, 0, 45, 0, 12, 0, 0, 16, 0, 0, 0, 0, 0, 0, 2, 0, 0, 0, 0, 0, 0]
