11-03-23 11-06-21 11-07-21
[0, 16, 0, 140, 240, 240, 0, 30, 10, 0, 0, 0, 0, 105, 152, 104, 160, 0, 0, 100, 30]
11-04-22 11-07-21 11-08-20
[0, 1, 0, 0, 24, 84, 168, 0, 28, 0, 30, 140, 0, 0, 0, 160, 136, 0, 0, 100, 25]
11-05-22 11-08-20 11-09-19
[0, 19, 0, 0, 84, 240, 168, 0, 0, 0, 30, 84, 0, 0, 0, 104, 160, 0, 60, 95, 100]
11-06-21 11-09-19 11-10-19
[20, 20, 0, 0, 240, 168, 0, 23, 0, 4, 20, 0, 112, 0, 0, 160, 0, 0, 100, 70, 100]
11-07-21 11-10-19 11-11-18
[0, 20, 0, 0, 240, 240, 240, 0, 0, 0, 21, 0, 0, 0, 160, 160, 160, 55, 100, 100, 30]
11-08-20 11-11-18 11-12-18
[6, 0, 42, 0, 84, 240, 84, 30, 0, 14, 21, 0, 126, 0, 40, 0, 152, 95, 100, 0, 0]
11-09-19 11-12-18 12-01-17
[0, 0, 70, 0, 240, 144, 240, 0, 0, 24, 30, 0, 0, 0, 160, 160, 40, 100, 75, 0, 100]
11-10-19 12-01-17 12-02-16
[0, 0, 28, 140, 0, 0, 240, 0, 0, 20, 0, 0, 140, 119, 96, 0, 0, 100, 35, 0, 0]
11-11-18 12-02-16 12-03-17
[20, 20, 140, 0, 0, 240, 0, 0, 10, 30, 0, 0, 140, 0, 160, 64, 160, 70, 65, 0, 0]
11-12-18 12-03-17 12-04-16
[20, 6, 140, 0, 144, 0, 228, 30, 17, 30, 0, 105, 0, 0, 160, 48, 88, 100, 100, 0, 0]
12-01-17 12-04-16 12-05-16
[20, 12, 0, 0, 0, 0, 0, 5, 25, 15, 30, 0, 0, 0, 0, 160, 160, 100, 100, 0, 0]
12-02-16 12-05-16 12-06-15
[18, 7, 0, 140, 0, 0, 0, 30, 30, 0, 27, 140, 0, 140, 120, 0, 128, 100, 100, 0, 85]
12-03-17 12-06-15 12-07-15
[9, 6, 140, 140, 0, 0, 0, 28, 20, 0, 24, 140, 70, 140, 0, 120, 160, 100, 90, 0, 0]
12-04-16 12-07-15 12-08-14
[20, 20, 140, 14, 216, 0, 168, 0, 27, 0, 0, 70, 63, 70, 0, 80, 24, 95, 0, 100, 0]
12-05-16 12-08-14 12-09-13
[0, 0, 112, 140, 0, 240, 240, 0, 27, 9, 0, 0, 140, 140, 0, 160, 128, 0, 70, 80, 70]
12-06-15 12-09-13 12-10-13
[19, 0, 0, 84, 228, 240, 0, 0, 28, 6, 15, 0, 14, 21, 0, 24, 152, 0, 10, 40, 80]
12-07-15 12-10-13 12-11-12
[6, 0, 0, 140, 0, 0, 108, 0, 0, 0, 29, 112, 63, 91, 0, 0, 80, 0, 100, 65, 90]
12-08-14 12-11-12 12-12-12
[18, 0, 56, 0, 0, 168, 240, 26, 27, 0, 8, 56, 0, 0, 0, 0, 0, 100, 100, 85, 0]
12-09-13 12-12-12 13-01-11
[20, 11, 126, 0, 0, 144, 0, 0, 30, 0, 26, 140, 56, 0, 0, 0, 0, 5, 100, 25, 90]
12-10-13 13-01-11 13-02-10
[3, 20, 70, 140, 228, 240, 228, 0, 5, 0, 0, 0, 49, 112, 0, 160, 144, 100, 40, 100, 0]
12-11-12 13-02-10 13-03-12
[0, 18, 140, 140, 240, 240, 240, 0, 0, 0, 0, 140, 0, 140, 152, 160, 64, 0, 95, 0, 0]
12-12-12 13-03-12 13-04-11
[0, 0, 0, 140, 0, 192, 240, 0, 16, 29, 0, 126, 0, 42, 0, 160, 160, 0, 60, 0, 40]
13-01-11 13-04-11 13-05-11
[15, 0, 0, 140, 0, 72, 0, 30, 3, 30, 30, 28, 0, 133, 0, 56, 136, 0, 0, 100, 0]
13-02-10 13-05-11 13-06-10
[20, 0, 0, 14, 0, 240, 192, 30, 0, 30, 24, 140, 0, 140, 0, 160, 144, 100, 35, 0, 0]
13-03-12 13-06-10 13-07-10
[6, 15, 0, 84, 0, 96, 0, 28, 0, 8, 8, 28, 140, 140, 0, 160, 0, 35, 30, 0, 0]
13-04-11 13-07-10 13-08-09
[20, 13, 0, 0, 0, 60, 240, 17, 0, 30, 0, 0, 140, 77, 152, 88, 0, 100, 100, 0, 0]
13-05-11 13-08-09 13-09-08
[5, 12, 140, 140, 0, 0, 0, 8, 30, 18, 0, 133, 140, 140, 112, 0, 0, 55, 40, 0, 0]
13-06-10 13-09-08 13-10-08
[0, 12, 70, 0, 240, 48, 0, 14, 0, 13, 0, 140, 126, 140, 0, 0, 152, 100, 0, 0, 0]
13-07-10 13-10-08 13-11-07
[15, 0, 140, 126, 240, 228, 240, 30, 30, 26, 0, 0, 0, 42, 0, 0, 160, 0, 0, 100, 100]
13-08-09 13-11-07 13-12-07
[19, 0, 140, 140, 0, 0, 0, 0, 0, 0, 0, 7, 0, 70, 160, 0, 160, 5, 0, 100, 5]
