10-07-26 10-10-24 10-11-23
[3, 4, 0, 0, 0, 0, 0, 0, 2, 0, 5, 6, 0, 0, 0, 0, 0, 0, 0, 0, 0, 0]
10-08-25 10-11-23 10-12-23
[2, 4, 0, 2, 0, 0, 1, 0, 1, 15, 0, 1, 0, 0, 0, 0, 0, 0, 0, 0, 0, 0]
10-09-24 10-12-23 11-01-22
[4, 4, 0, 0, 7, 0, 0, 0, 1, 0, 0, 7, 0, 0, 0, 0, 0, 0, 0, 0, 0, 0]
10-10-24 11-01-22 11-02-21
[2, 1, 1, 0, 0, 0, 0, 0, 11, 0, 14, 1, 0, 0, 0, 0, 0, 0, 0, 0, 0, 0]
10-11-23 11-02-21 11-03-23
[0, 0, 8, 0, 90, 0, 0, 0, 0, 0, 0, 0, 2, 0, 0, 0, 0, 0, 0, 0, 0, 0]
10-12-23 11-03-23 11-04-22
[0, 5, 1, 0, 2, 0, 0, 39, 4, 0, 0, 6, 15, 0, 0, 0, 0, 0, 0, 0, 0, 0]
11-01-22 11-04-22 11-05-22
[3, 0, 0, 9, 2, 1, 0, 10, 9, 0, 0, 17, 4, 0, 0, 0, 3, 0, 4, 0, 0, 0]
11-02-21 11-05-22 11-06-21
[0, 0, 3, 0, 46, 14, 0, 3, 24, 0, 0, 0, 0, 0, 1, 1, 0, 0, 0, 0, 0, 0]
11-03-23 11-06-21 11-07-21
[0, 9, 0, 0, 33, 3, 3, 0, 0, 0, 0, 0, 0, 0, 1, 1, 0, 0, 0, 0, 1, 0]
11-04-22 11-07-21 11-08-20
[0, 1, 2, 0, 0, 14, 0, 0, 5, 21, 0, 0, 0, 0, 8, 0, 1, 0, 0, 0, 5, 0]
11-05-22 11-08-20 11-09-19
[0, 2, 0, 34, 0, 1, 0, 17, 0, 0, 0, 29, 0, 0, 0, 0, 1, 0, 0, 0, 2, 0]
11-06-21 11-09-19 11-10-19
[0, 3, 2, 38, 0, 2, 0, 0, 1, 0, 16, 0, 0, 4, 0, 0, 0, 0, 0, 0, 1, 0]
11-07-21 11-10-19 11-11-18
[0, 3, 3, 3, 0, 1, 12, 0, 5, 0, 0, 8, 0, 11, 0, 0, 0, 2, 0, 0, 1, 0]
11-08-20 11-11-18 11-12-18
[0, 0, 2, 35, 0, 0, 0, 74, 0, 0, 15, 8, 0, 0, 0, 0, 0, 1, 0, 1, 0, 0]
11-09-19 11-12-18 12-01-17
[0, 0, 6, 2, 0, 0, 21, 0, 0, 0, 14, 0, 0, 0, 0, 1, 0, 0, 0, 3, 0, 0]
11-10-19 12-01-17 12-02-16
[0, 0, 0, 2, 1, 0, 0, 0, 0, 0, 42, 0, 0, 2, 0, 5, 0, 0, 0, 0, 0, 0]
11-11-18 12-02-16 12-03-17
[0, 0, 0, 26, 0, 0, 70, 0, 0, 32, 0, 0, 0, 2, 0, 0, 0, 5, 1, 0, 0, 0]
11-12-18 12-03-17 12-04-16
[2, 4, 0, 16, 0, 0, 0, 0, 0, 6, 8, 0, 9, 0, 0, 0, 1, 0, 0, 0, 0, 0]
12-01-17 12-04-16 12-05-16
[0, 5, 2, 0, 0, 0, 0, 0, 0, 3, 9, 1, 0, 0, 0, 0, 0, 0, 0, 0, 0, 0]
12-02-16 12-05-16 12-06-15
[0, 7, 0, 0, 27, 0, 0, 0, 10, 0, 0, 0, 2, 0, 0, 0, 0, 1, 0, 0, 0, 0]
12-03-17 12-06-15 12-07-15
[0, 7, 0, 94, 4, 0, 0, 16, 0, 0, 0, 0, 1, 0, 1, 0, 0, 2, 7, 0, 0, 0]
12-04-16 12-07-15 12-08-14
[2, 0, 4, 55, 9, 21, 0, 3, 0, 3, 0, 0, 0, 0, 7, 0, 2, 8, 2, 10, 0, 0]
12-05-16 12-08-14 12-09-13
[5, 0, 0, 24, 4, 79, 1, 0, 0, 5, 0, 0, 0, 10, 1, 0, 14, 1, 0, 0, 4, 0]
12-06-15 12-09-13 12-10-13
[7, 0, 0, 1, 13, 11, 0, 0, 0, 8, 0, 0, 0, 7, 0, 0, 0, 1, 0, 4, 0, 0]
12-07-15 12-10-13 12-11-12
[9, 0, 0, 1, 7, 0, 0, 20, 0, 0, 0, 1, 0, 1, 0, 0, 0, 0, 0, 0, 1, 0]
12-08-14 12-11-12 12-12-12
[4, 0, 0, 126, 0, 0, 0, 27, 0, 0, 0, 10, 0, 7, 0, 0, 0, 0, 0, 0, 1, 0]
12-09-13 12-12-12 13-01-11
[0, 9, 0, 44, 0, 0, 0, 0, 0, 0, 0, 0, 0, 0, 0, 0, 0, 0, 0, 0, 0, 1]
12-10-13 13-01-11 13-02-10
[5, 2, 0, 1, 1, 0, 1, 8, 0, 0, 0, 0, 0, 0, 3, 0, 1, 69, 0, 1, 0, 0]
12-11-12 13-02-10 13-03-12
[0, 0, 9, 0, 44, 0, 1, 0, 0, 0, 0, 0, 0, 0, 0, 0, 0, 1, 0, 0, 0, 0]
12-12-12 13-03-12 13-04-11
[0, 0, 7, 0, 11, 0, 0, 6, 0, 0, 11, 0, 0, 0, 0, 0, 0, 2, 0, 0, 0, 0]
13-01-11 13-04-11 13-05-11
[0, 0, 3, 0, 18, 0, 0, 0, 0, 0, 28, 0, 2, 0, 0, 0, 0, 2, 0, 0, 0, 0]
13-02-10 13-05-11 13-06-10
[0, 0, 5, 0, 73, 0, 0, 2, 0, 0, 6, 0, 0, 0, 34, 0, 2, 0, 0, 8, 0, 0]
13-03-12 13-06-10 13-07-10
[0, 8, 0, 0, 20, 0, 28, 0, 0, 0, 2, 0, 0, 0, 2, 0, 0, 0, 0, 6, 0, 0]
13-04-11 13-07-10 13-08-09
[3, 3, 0, 0, 0, 0, 35, 0, 0, 0, 12, 0, 0, 0, 2, 0, 0, 0, 0, 5, 0, 0]
13-05-11 13-08-09 13-09-08
[1, 2, 0, 44, 2, 0, 0, 0, 0, 16, 8, 0, 0, 5, 0, 0, 0, 8, 0, 0, 0, 0]
13-06-10 13-09-08 13-10-08
[0, 0, 5, 23, 0, 0, 0, 0, 0, 0, 19, 0, 0, 2, 1, 0, 0, 0, 0, 0, 0, 0]
13-07-10 13-10-08 13-11-07
[5, 0, 0, 0, 0, 6, 0, 0, 0, 0, 21, 0, 0, 0, 0, 0, 0, 0, 0, 0, 0, 0]
13-08-09 13-11-07 13-12-07
[0, 7, 0, 2, 107, 1, 0, 3, 0, 0, 0, 0, 0, 0, 1, 11, 0, 0, 0, 0, 0, 3]
13-09-08 13-12-07 14-01-06
[9, 0, 0, 0, 32, 8, 1, 1, 0, 0, 0, 0, 0, 0, 0, 2, 0, 0, 0, 0, 0, 0]
13-10-08 14-01-06 14-02-05
[4, 0, 0, 0, 0, 0, 0, 4, 0, 0, 0, 19, 0, 2, 1, 25, 0, 0, 0, 0, 0, 9]
13-11-07 14-02-05 14-03-07
[0, 0, 0, 0, 25, 5, 0, 12, 0, 0, 31, 0, 30, 0, 4, 0, 1, 2, 0, 5, 0, 0]
13-12-07 14-03-07 14-04-06
[0, 7, 0, 0, 8, 12, 0, 1, 0, 0, 0, 7, 1, 0, 14, 0, 0, 3, 0, 2, 0, 0]
14-01-06 14-04-06 14-05-06
[5, 0, 1, 2, 0, 0, 0, 0, 14, 3, 0, 0, 1, 0, 0, 0, 0, 0, 0, 0, 0, 0]
14-02-05 14-05-06 14-06-05
[8, 0, 0, 5, 0, 3, 1, 2, 7, 0, 0, 0, 2, 0, 0, 0, 0, 1, 0, 0, 0, 0]
14-03-07 14-06-05 14-07-05
[3, 0, 4, 40, 0, 0, 0, 43, 2, 2, 0, 0, 2, 0, 0, 0, 1, 1, 0, 0, 0, 0]
14-04-06 14-07-05 14-08-04
[0, 0, 4, 54, 3, 34, 19, 1, 0, 3, 7, 0, 2, 1, 0, 8, 2, 0, 0, 12, 0, 0]
14-05-06 14-08-04 14-09-03
[1, 0, 0, 43, 4, 1, 7, 19, 0, 16, 12, 0, 4, 2, 0, 12, 0, 0, 3, 0, 0, 0]
