11-03-23 11-04-22 11-05-22
[0, 6, 140, 140, 228, 240, 144, 30, 0, 30, 0, 0, 0, 0, 152, 8, 0, 100, 0, 60, 100]
11-04-22 11-05-22 11-06-21
[14, 0, 0, 0, 156, 240, 0, 9, 30, 0, 20, 42, 0, 140, 120, 0, 40, 0, 0, 25, 100]
11-05-22 11-06-21 11-07-21
[0, 12, 56, 0, 204, 228, 204, 0, 0, 0, 30, 91, 0, 0, 0, 88, 0, 0, 0, 0, 100]
11-06-21 11-07-21 11-08-20
[0, 18, 0, 0, 0, 240, 240, 30, 30, 20, 8, 140, 0, 140, 0, 96, 0, 0, 100, 50, 80]
11-07-21 11-08-20 11-09-19
[0, 20, 28, 140, 120, 120, 132, 17, 0, 0, 0, 0, 77, 0, 80, 88, 0, 100, 95, 50, 100]
11-08-20 11-09-19 11-10-19
[18, 20, 0, 0, 0, 120, 0, 28, 30, 5, 26, 140, 35, 0, 0, 0, 120, 40, 55, 0, 0]
11-09-19 11-10-19 11-11-18
[19, 4, 42, 0, 192, 84, 156, 0, 29, 21, 30, 98, 0, 0, 0, 0, 64, 100, 100, 0, 0]
11-10-19 11-11-18 11-12-18
[20, 0, 140, 28, 240, 0, 0, 30, 0, 30, 10, 0, 70, 140, 88, 48, 0, 0, 100, 0, 100]
11-11-18 11-12-18 12-01-17
[0, 0, 140, 0, 0, 240, 204, 0, 22, 0, 0, 0, 42, 112, 160, 160, 56, 100, 100, 100, 85]
11-12-18 12-01-17 12-02-16
[14, 20, 14, 0, 240, 228, 48, 0, 30, 3, 0, 133, 140, 0, 160, 0, 48, 0, 0, 0, 0]
12-01-17 12-02-16 12-03-17
[0, 12, 70, 0, 240, 120, 0, 21, 14, 0, 0, 0, 140, 0, 0, 80, 88, 100, 0, 100, 0]
12-02-16 12-03-17 12-04-16
[0, 10, 0, 140, 0, 156, 0, 30, 30, 5, 25, 105, 0, 0, 160, 88, 0, 0, 85, 100, 100]
12-03-17 12-04-16 12-05-16
[0, 17, 0, 0, 192, 0, 0, 0, 0, 30, 30, 140, 140, 49, 104, 160, 88, 0, 0, 0, 0]
12-04-16 12-05-16 12-06-15
[19, 20, 140, 0, 240, 0, 0, 30, 24, 0, 30, 63, 0, 0, 0, 80, 128, 60, 15, 90, 85]
12-05-16 12-06-15 12-07-15
[0, 20, 140, 28, 0, 0, 60, 0, 12, 0, 29, 0, 0, 91, 0, 160, 160, 100, 0, 100, 100]
12-06-15 12-07-15 12-08-14
[12, 0, 0, 0, 216, 0, 36, 0, 9, 6, 0, 0, 98, 63, 160, 160, 0, 100, 100, 80, 100]
12-07-15 12-08-14 12-09-13
[0, 0, 0, 140, 0, 24, 0, 0, 21, 30, 10, 140, 91, 14, 0, 8, 160, 0, 100, 100, 100]
12-08-14 12-09-13 12-10-13
[20, 20, 140, 0, 240, 0, 240, 0, 0, 0, 10, 140, 0, 84, 144, 0, 0, 80, 30, 0, 0]
12-09-13 12-10-13 12-11-12
[0, 0, 28, 0, 240, 0, 72, 2, 10, 0, 30, 21, 126, 0, 0, 0, 0, 100, 0, 100, 100]
12-10-13 12-11-12 12-12-12
[5, 20, 0, 0, 240, 0, 0, 0, 25, 0, 30, 140, 119, 0, 0, 160, 0, 85, 60, 75, 50]
12-11-12 12-12-12 13-01-11
[0, 19, 140, 42, 240, 108, 0, 0, 0, 0, 0, 0, 21, 91, 0, 88, 0, 100, 20, 15, 0]
12-12-12 13-01-11 13-02-10
[6, 17, 0, 140, 0, 240, 60, 23, 30, 12, 0, 0, 0, 140, 160, 0, 16, 0, 80, 0, 0]
13-01-11 13-02-10 13-03-12
[0, 0, 0, 140, 156, 156, 192, 0, 12, 28, 0, 63, 0, 140, 0, 40, 0, 75, 0, 100, 100]
13-02-10 13-03-12 13-04-11
[9, 0, 140, 14, 0, 0, 12, 0, 0, 30, 20, 140, 0, 0, 160, 120, 136, 100, 100, 0, 0]
13-03-12 13-04-11 13-05-11
[20, 0, 0, 126, 204, 240, 0, 28, 0, 17, 21, 21, 0, 140, 0, 0, 160, 100, 95, 0, 0]
13-04-11 13-05-11 13-06-10
[20, 12, 0, 140, 204, 240, 192, 30, 0, 11, 0, 0, 84, 49, 0, 160, 0, 75, 100, 0, 0]
13-05-11 13-06-10 13-07-10
[12, 6, 140, 112, 0, 0, 0, 26, 27, 0, 0, 63, 126, 140, 0, 0, 112, 100, 100, 0, 0]
13-06-10 13-07-10 13-08-09
[0, 9, 0, 126, 240, 120, 240, 6, 0, 16, 0, 0, 98, 7, 0, 24, 160, 90, 0, 0, 0]
13-07-10 13-08-09 13-09-08
[20, 0, 0, 70, 96, 228, 240, 0, 16, 10, 21, 63, 112, 0, 160, 0, 32, 100, 100, 0, 0]
13-08-09 13-09-08 13-10-08
[20, 0, 112, 42, 156, 240, 168, 0, 13, 15, 30, 140, 140, 140, 40, 128, 160, 30, 30, 0, 100]
13-09-08 13-10-08 13-11-07
[12, 20, 0, 140, 0, 180, 240, 16, 30, 0, 0, 0, 0, 112, 160, 0, 0, 100, 0, 25, 40]
13-10-08 13-11-07 13-12-07
[15, 0, 0, 140, 0, 0, 204, 0, 29, 0, 0, 63, 98, 0, 152, 0, 160, 100, 45, 75, 40]
