11-03-23 11-04-22 11-05-22
[0, 6, 10, 9, 10, 10, 10, 5, 0, 1, 0, 8, 0, 0, 9, 0, 0, 10, 0, 3, 5]
11-04-22 11-05-22 11-06-21
[3, 0, 0, 10, 10, 10, 10, 10, 10, 0, 10, 0, 0, 10, 9, 0, 10, 0, 0, 4, 10]
11-05-22 11-06-21 11-07-21
[0, 1, 0, 10, 6, 10, 6, 0, 8, 0, 10, 0, 0, 10, 0, 6, 0, 0, 0, 4, 0]
11-06-21 11-07-21 11-08-20
[0, 0, 0, 0, 0, 3, 0, 10, 2, 10, 10, 2, 0, 10, 0, 8, 0, 0, 0, 10, 3]
11-07-21 11-08-20 11-09-19
[0, 2, 2, 10, 1, 10, 3, 0, 0, 0, 0, 0, 10, 0, 10, 10, 9, 10, 4, 10, 10]
11-08-20 11-09-19 11-10-19
[0, 0, 0, 0, 10, 10, 0, 9, 0, 6, 10, 0, 10, 0, 0, 0, 0, 0, 5, 10, 10]
11-09-19 11-10-19 11-11-18
[0, 0, 6, 0, 0, 10, 10, 10, 5, 0, 10, 2, 0, 0, 0, 0, 6, 3, 10, 10, 10]
11-10-19 11-11-18 11-12-18
[0, 0, 10, 7, 0, 0, 0, 2, 0, 7, 10, 0, 10, 0, 2, 10, 0, 10, 10, 0, 10]
11-11-18 11-12-18 12-01-17
[0, 0, 10, 0, 0, 10, 10, 0, 10, 0, 0, 0, 10, 0, 10, 9, 0, 4, 2, 10, 5]
11-12-18 12-01-17 12-02-16
[7, 0, 4, 0, 8, 0, 10, 0, 10, 10, 0, 10, 0, 0, 5, 0, 10, 10, 0, 0, 0]
12-01-17 12-02-16 12-03-17
[0, 7, 10, 0, 6, 10, 0, 10, 3, 0, 0, 10, 0, 10, 0, 10, 0, 10, 0, 0, 0]
12-02-16 12-03-17 12-04-16
[0, 1, 0, 10, 0, 4, 0, 0, 7, 10, 0, 2, 0, 0, 0, 0, 0, 0, 10, 3, 0]
12-03-17 12-04-16 12-05-16
[0, 0, 0, 0, 10, 0, 0, 0, 0, 10, 7, 6, 1, 10, 10, 0, 10, 0, 10, 0, 0]
12-04-16 12-05-16 12-06-15
[4, 1, 8, 6, 0, 0, 10, 1, 3, 0, 0, 7, 0, 0, 0, 0, 7, 0, 10, 1, 0]
12-05-16 12-06-15 12-07-15
[0, 1, 10, 10, 0, 10, 9, 0, 10, 8, 10, 0, 0, 10, 0, 3, 10, 3, 0, 0, 0]
12-06-15 12-07-15 12-08-14
[0, 0, 0, 0, 6, 9, 0, 0, 10, 7, 0, 0, 6, 10, 6, 10, 0, 10, 10, 0, 0]
12-07-15 12-08-14 12-09-13
[10, 0, 0, 9, 0, 1, 10, 0, 0, 0, 10, 10, 10, 10, 0, 10, 10, 0, 0, 1, 0]
12-08-14 12-09-13 12-10-13
[10, 0, 9, 10, 5, 0, 7, 0, 0, 0, 10, 8, 0, 0, 10, 0, 0, 1, 3, 3, 0]
12-09-13 12-10-13 12-11-12
[0, 0, 2, 0, 0, 0, 9, 10, 0, 0, 3, 0, 10, 0, 0, 0, 0, 0, 0, 10, 2]
12-10-13 12-11-12 12-12-12
[10, 0, 0, 0, 10, 0, 0, 0, 6, 0, 0, 0, 5, 9, 0, 0, 0, 10, 7, 10, 10]
12-11-12 12-12-12 13-01-11
[0, 10, 10, 10, 7, 1, 0, 0, 0, 0, 0, 0, 8, 4, 10, 10, 9, 10, 10, 0, 0]
12-12-12 13-01-11 13-02-10
[5, 0, 0, 10, 0, 10, 10, 0, 2, 8, 0, 0, 0, 0, 5, 7, 6, 0, 10, 10, 0]
13-01-11 13-02-10 13-03-12
[0, 0, 10, 10, 10, 10, 0, 0, 0, 0, 0, 10, 0, 0, 0, 0, 0, 10, 2, 5, 10]
13-02-10 13-03-12 13-04-11
[6, 0, 0, 10, 0, 0, 10, 0, 0, 0, 5, 10, 0, 10, 2, 10, 10, 10, 0, 10, 0]
13-03-12 13-04-11 13-05-11
[4, 0, 0, 1, 9, 10, 0, 10, 0, 10, 3, 10, 0, 10, 10, 2, 10, 3, 4, 0, 0]
13-04-11 13-05-11 13-06-10
[0, 2, 10, 0, 0, 7, 2, 10, 0, 10, 0, 0, 10, 5, 0, 4, 0, 10, 10, 0, 0]
13-05-11 13-06-10 13-07-10
[2, 4, 6, 10, 0, 10, 0, 10, 0, 0, 0, 10, 6, 2, 29, 0, 0, 0, 10, 0, 0]
13-06-10 13-07-10 13-08-09
[0, 10, 0, 10, 0, 10, 10, 1, 0, 10, 0, 0, 10, 20, 0, 0, 0, 0, 0, 0, 0]
13-07-10 13-08-09 13-09-08
[10, 0, 10, 3, 10, 0, 8, 0, 1, 10, 0, 0, 10, 0, 0, 0, 7, 5, 9, 0, 0]
13-08-09 13-09-08 13-10-08
[0, 0, 10, 3, 1, 0, 0, 0, 0, 10, 0, 9, 4, 10, 0, 0, 0, 10, 10, 10, 10]
13-09-08 13-10-08 13-11-07
[1, 10, 10, 10, 0, 10, 10, 2, 10, 0, 0, 0, 0, 0, 0, 0, 0, 0, 0, 0, 10]
13-10-08 13-11-07 13-12-07
[10, 0, 0, 0, 7, 0, 5, 0, 0, 0, 0, 2, 0, 0, 10, 0, 10, 5, 0, 3, 10]
