11-03-23 11-05-22 11-06-21
[0, 0, 0, 19, 100, 3, 0, 42, 0, 0, 0, 0, 0, 0, 0, 3, 0, 0, 0, 0, 3]
11-04-22 11-06-21 11-07-21
[0, 0, 4, 0, 0, 78, 0, 0, 0, 0, 0, 0, 0, 0, 0, 40, 0, 0, 0, 33, 40]
11-05-22 11-07-21 11-08-20
[0, 0, 0, 0, 100, 1, 8, 0, 0, 0, 39, 0, 0, 0, 0, 1, 0, 0, 0, 0, 1]
11-06-21 11-08-20 11-09-19
[0, 0, 0, 0, 0, 0, 0, 43, 0, 0, 0, 0, 0, 0, 0, 2, 0, 0, 2, 32, 17]
11-07-21 11-09-19 11-10-19
[0, 0, 0, 0, 0, 4, 0, 40, 0, 0, 0, 0, 1, 0, 0, 0, 0, 0, 0, 40, 18]
11-08-20 11-10-19 11-11-18
[0, 0, 0, 0, 0, 10, 100, 0, 0, 0, 25, 0, 0, 0, 0, 0, 10, 40, 2, 0, 0]
11-09-19 11-11-18 11-12-18
[0, 0, 1, 0, 100, 2, 0, 0, 0, 0, 29, 0, 0, 0, 40, 2, 40, 0, 5, 0, 0]
11-10-19 11-12-18 12-01-17
[0, 0, 62, 100, 0, 4, 0, 0, 0, 0, 0, 0, 8, 0, 40, 0, 0, 40, 3, 5, 39]
11-11-18 12-01-17 12-02-16
[0, 0, 100, 0, 0, 93, 0, 0, 0, 0, 0, 0, 4, 0, 36, 6, 32, 40, 14, 0, 0]
11-12-18 12-02-16 12-03-17
[0, 0, 37, 0, 91, 2, 2, 0, 0, 0, 0, 40, 0, 7, 40, 0, 29, 40, 1, 0, 0]
12-01-17 12-03-17 12-04-16
[0, 0, 0, 0, 0, 0, 0, 43, 1, 0, 0, 0, 0, 0, 0, 6, 0, 0, 0, 11, 8]
12-02-16 12-04-16 12-05-16
[0, 0, 0, 0, 0, 4, 0, 43, 0, 3, 0, 0, 0, 0, 16, 0, 0, 0, 0, 0, 0]
12-03-17 12-05-16 12-06-15
[0, 0, 0, 0, 0, 0, 0, 43, 0, 0, 0, 40, 0, 5, 0, 0, 13, 0, 1, 0, 0]
12-04-16 12-06-15 12-07-15
[0, 0, 4, 0, 0, 0, 0, 43, 0, 0, 0, 3, 0, 0, 0, 1, 40, 0, 0, 0, 0]
12-05-16 12-07-15 12-08-14
[1, 0, 21, 0, 0, 0, 0, 0, 0, 0, 0, 0, 3, 40, 0, 6, 40, 40, 0, 40, 24]
12-06-15 12-08-14 12-09-13
[0, 0, 0, 98, 100, 13, 0, 0, 0, 0, 0, 0, 3, 15, 0, 4, 40, 0, 1, 40, 38]
12-07-15 12-09-13 12-10-13
[0, 0, 0, 0, 47, 12, 0, 0, 0, 0, 43, 5, 2, 0, 0, 0, 4, 0, 0, 0, 0]
12-08-14 12-10-13 12-11-12
[0, 0, 8, 0, 0, 1, 88, 0, 0, 0, 0, 24, 3, 0, 0, 0, 0, 40, 0, 40, 40]
12-09-13 12-11-12 12-12-12
[0, 0, 8, 0, 0, 0, 100, 0, 0, 0, 0, 27, 1, 0, 0, 0, 0, 40, 1, 40, 35]
12-10-13 12-12-12 13-01-11
[0, 0, 59, 57, 99, 9, 0, 0, 0, 0, 0, 0, 3, 0, 0, 28, 0, 40, 0, 1, 6]
12-11-12 13-01-11 13-02-10
[0, 0, 1, 96, 0, 6, 95, 2, 0, 0, 0, 0, 0, 38, 40, 12, 40, 0, 2, 0, 0]
12-12-12 13-02-10 13-03-12
[0, 0, 0, 100, 0, 0, 100, 0, 0, 1, 0, 0, 1, 39, 0, 0, 40, 0, 2, 0, 40]
13-01-11 13-03-12 13-04-11
[0, 0, 0, 84, 0, 7, 99, 0, 0, 0, 0, 33, 0, 4, 0, 12, 40, 0, 0, 0, 0]
13-02-10 13-04-11 13-05-11
[0, 0, 0, 100, 0, 0, 6, 0, 0, 0, 0, 32, 0, 0, 0, 0, 12, 40, 0, 0, 0]
13-03-12 13-05-11 13-06-10
[0, 0, 0, 89, 0, 2, 0, 29, 0, 0, 0, 8, 0, 0, 0, 1, 0, 40, 3, 0, 0]
13-04-11 13-06-10 13-07-10
[0, 0, 5, 0, 2, 0, 0, 0, 0, 0, 0, 0, 6, 0, 0, 1, 0, 26, 39, 0, 1]
13-05-11 13-07-10 13-08-09
[0, 0, 0, 0, 0, 7, 0, 34, 0, 0, 0, 0, 1, 0, 0, 0, 0, 40, 0, 0, 0]
13-06-10 13-08-09 13-09-08
[0, 0, 0, 43, 0, 0, 0, 0, 0, 0, 0, 0, 36, 0, 0, 1, 0, 40, 5, 0, 0]
13-07-10 13-09-08 13-10-08
[0, 0, 0, 0, 79, 0, 0, 0, 0, 29, 0, 0, 3, 6, 0, 12, 3, 0, 9, 0, 0]
13-08-09 13-10-08 13-11-07
[0, 0, 7, 100, 100, 8, 0, 0, 0, 0, 0, 0, 1, 30, 0, 0, 0, 0, 0, 15, 18]
