11-03-23 11-04-22 11-05-22
[0, 0, 0, 0, 7, 1, 0, 13, 0, 10, 0, 0, 0, 31, 3, 0, 0, 23, 0, 3, 16]
11-04-22 11-05-22 11-06-21
[0, 0, 0, 87, 13, 6, 0, 9, 12, 0, 0, 0, 0, 0, 2, 0, 24, 0, 0, 13, 1]
11-05-22 11-06-21 11-07-21
[2, 6, 0, 33, 0, 15, 0, 0, 0, 0, 3, 0, 0, 0, 0, 19, 0, 41, 0, 0, 0]
11-06-21 11-07-21 11-08-20
[0, 0, 0, 0, 0, 0, 0, 15, 7, 3, 6, 1, 0, 0, 0, 15, 0, 0, 31, 0, 32]
11-07-21 11-08-20 11-09-19
[0, 0, 1, 45, 0, 16, 0, 20, 0, 0, 0, 0, 6, 0, 19, 0, 0, 16, 6, 2, 7]
11-08-20 11-09-19 11-10-19
[0, 0, 0, 0, 39, 26, 0, 20, 0, 5, 5, 0, 52, 0, 0, 0, 0, 0, 0, 0, 0]
11-09-19 11-10-19 11-11-18
[0, 0, 0, 0, 0, 3, 0, 0, 3, 0, 13, 31, 0, 0, 0, 0, 35, 20, 2, 1, 0]
11-10-19 11-11-18 11-12-18
[6, 0, 4, 22, 0, 0, 0, 19, 0, 19, 12, 0, 9, 0, 75, 0, 0, 0, 6, 0, 0]
11-11-18 11-12-18 12-01-17
[0, 0, 6, 0, 0, 9, 5, 0, 0, 12, 0, 0, 1, 0, 8, 18, 9, 16, 8, 17, 0]
11-12-18 12-01-17 12-02-16
[6, 0, 82, 29, 7, 16, 11, 0, 1, 4, 0, 7, 0, 0, 0, 0, 0, 9, 0, 0, 0]
12-01-17 12-02-16 12-03-17
[0, 6, 22, 0, 0, 12, 43, 12, 13, 0, 0, 19, 0, 0, 0, 22, 0, 9, 0, 0, 0]
12-02-16 12-03-17 12-04-16
[0, 3, 0, 36, 0, 0, 0, 0, 4, 4, 5, 0, 0, 0, 20, 0, 0, 0, 33, 0, 13]
12-03-17 12-04-16 12-05-16
[0, 4, 0, 0, 0, 0, 13, 0, 0, 8, 20, 4, 38, 24, 0, 16, 0, 0, 2, 0, 0]
12-04-16 12-05-16 12-06-15
[0, 6, 18, 0, 14, 0, 0, 1, 6, 0, 0, 12, 0, 0, 0, 0, 0, 11, 3, 19, 17]
12-05-16 12-06-15 12-07-15
[0, 6, 8, 8, 17, 11, 1, 0, 20, 0, 5, 0, 13, 9, 0, 32, 1, 0, 0, 14, 0]
12-06-15 12-07-15 12-08-14
[3, 0, 0, 0, 0, 0, 0, 0, 17, 20, 0, 0, 17, 31, 17, 29, 0, 3, 0, 0, 0]
12-07-15 12-08-14 12-09-13
[0, 0, 0, 68, 0, 11, 16, 0, 0, 0, 5, 19, 5, 3, 0, 0, 17, 0, 0, 1, 0]
12-08-14 12-09-13 12-10-13
[6, 0, 45, 0, 58, 0, 0, 0, 0, 0, 7, 0, 0, 0, 0, 0, 0, 22, 0, 0, 7]
12-09-13 12-10-13 12-11-12
[0, 0, 2, 0, 0, 0, 7, 14, 20, 0, 0, 0, 24, 0, 0, 0, 0, 0, 0, 30, 20]
12-10-13 12-11-12 12-12-12
[6, 0, 43, 0, 0, 0, 0, 0, 20, 0, 0, 0, 0, 22, 0, 37, 0, 1, 0, 0, 13]
12-11-12 12-12-12 13-01-11
[0, 6, 1, 23, 42, 20, 0, 20, 0, 0, 0, 0, 8, 21, 3, 1, 0, 0, 9, 0, 0]
12-12-12 13-01-11 13-02-10
[0, 0, 0, 67, 0, 19, 38, 0, 20, 4, 0, 0, 0, 6, 0, 0, 2, 11, 4, 0, 0]
13-01-11 13-02-10 13-03-12
[0, 0, 43, 52, 23, 0, 0, 9, 0, 0, 0, 3, 0, 0, 0, 0, 0, 0, 0, 4, 14]
13-02-10 13-03-12 13-04-11
[0, 0, 0, 4, 0, 0, 34, 0, 11, 11, 7, 0, 0, 0, 39, 29, 10, 2, 0, 0, 0]
13-03-12 13-04-11 13-05-11
[6, 0, 0, 7, 26, 19, 0, 5, 0, 2, 0, 9, 0, 7, 0, 11, 10, 8, 15, 0, 0]
13-04-11 13-05-11 13-06-10
[2, 2, 0, 0, 0, 5, 0, 13, 0, 10, 0, 0, 7, 0, 0, 47, 0, 3, 31, 0, 0]
13-05-11 13-06-10 13-07-10
[6, 0, 0, 0, 0, 0, 0, 20, 19, 0, 0, 7, 0, 5, 11, 0, 0, 47, 9, 0, 0]
13-06-10 13-07-10 13-08-09
[0, 6, 0, 0, 0, 20, 34, 14, 0, 5, 0, 0, 17, 2, 0, 0, 0, 16, 17, 0, 0]
13-07-10 13-08-09 13-09-08
[5, 0, 0, 0, 0, 0, 0, 0, 7, 20, 0, 0, 1, 0, 0, 0, 8, 44, 23, 0, 0]
13-08-09 13-09-08 13-10-08
[0, 0, 2, 11, 26, 0, 0, 20, 0, 20, 0, 4, 0, 4, 0, 0, 0, 0, 44, 3, 3]
13-09-08 13-10-08 13-11-07
[1, 6, 0, 26, 18, 14, 0, 20, 7, 0, 0, 0, 0, 15, 0, 0, 0, 0, 0, 1, 35]
13-10-08 13-11-07 13-12-07
[6, 0, 0, 53, 0, 0, 3, 0, 0, 0, 0, 3, 0, 0, 5, 0, 12, 5, 25, 8, 0]
