11-03-23 11-09-19 11-12-18
[0, 0, 20, 0, 7, 8, 0, 4, 15, 0, 2, 0, 0, 0, 11, 46, 0, 0, 0, 1, 20]
11-06-21 11-12-18 12-03-17
[0, 0, 0, 0, 0, 13, 0, 16, 0, 1, 20, 0, 0, 0, 3, 24, 22, 0, 15, 16, 4]
11-09-19 12-03-17 12-06-15
[0, 0, 0, 0, 15, 65, 0, 19, 0, 11, 20, 0, 0, 0, 11, 15, 2, 3, 15, 0, 0]
11-12-18 12-06-15 12-09-13
[0, 3, 24, 0, 12, 0, 0, 20, 9, 0, 0, 19, 0, 0, 24, 3, 5, 21, 1, 0, 0]
12-03-17 12-09-13 12-12-12
[0, 1, 30, 1, 13, 0, 0, 0, 15, 0, 0, 6, 8, 12, 0, 18, 15, 0, 8, 0, 4]
12-06-15 12-12-12 13-03-12
[0, 0, 13, 20, 0, 18, 0, 0, 20, 0, 7, 0, 3, 0, 0, 0, 8, 31, 1, 9, 4]
12-09-13 13-03-12 13-06-10
[6, 0, 12, 3, 0, 11, 1, 0, 9, 0, 0, 0, 0, 14, 0, 0, 27, 26, 0, 7, 0]
12-12-12 13-06-10 13-09-08
[2, 2, 0, 66, 0, 48, 0, 0, 20, 4, 0, 0, 0, 11, 0, 0, 0, 8, 9, 0, 0]
13-03-12 13-09-08 13-12-07
[6, 0, 7, 0, 0, 19, 0, 20, 0, 17, 0, 8, 0, 11, 0, 0, 3, 36, 8, 0, 0]
