11-03-23 11-04-22 11-05-22
[0, 20, 140, 140, 156, 240, 168, 15, 0, 6, 0, 0, 0, 0, 160, 32, 152, 80, 0, 75, 10]
11-04-22 11-05-22 11-06-21
[14, 0, 0, 84, 240, 132, 0, 9, 20, 0, 17, 140, 0, 140, 88, 136, 88, 0, 0, 100, 65]
11-05-22 11-06-21 11-07-21
[18, 1, 0, 140, 0, 120, 216, 0, 21, 0, 30, 0, 0, 119, 0, 160, 160, 100, 0, 0, 80]
11-06-21 11-07-21 11-08-20
[0, 5, 0, 0, 0, 0, 0, 22, 29, 25, 30, 140, 0, 140, 0, 112, 0, 0, 95, 100, 100]
11-07-21 11-08-20 11-09-19
[0, 20, 140, 84, 240, 96, 204, 28, 0, 0, 0, 0, 140, 0, 56, 48, 0, 65, 95, 25, 70]
11-08-20 11-09-19 11-10-19
[13, 7, 0, 0, 240, 216, 0, 12, 14, 30, 29, 42, 140, 0, 0, 0, 152, 20, 100, 0, 100]
11-09-19 11-10-19 11-11-18
[0, 0, 140, 0, 240, 192, 156, 0, 30, 25, 30, 35, 0, 0, 0, 160, 160, 100, 75, 0, 100]
11-10-19 11-11-18 11-12-18
[19, 0, 140, 140, 108, 0, 0, 15, 0, 5, 30, 0, 112, 0, 160, 48, 0, 40, 100, 85, 50]
11-11-18 11-12-18 12-01-17
[14, 0, 140, 0, 156, 240, 0, 0, 30, 0, 0, 0, 0, 140, 56, 160, 64, 70, 50, 100, 100]
11-12-18 12-01-17 12-02-16
[3, 15, 140, 0, 240, 108, 120, 0, 7, 19, 0, 112, 0, 0, 56, 0, 160, 100, 100, 0, 0]
12-01-17 12-02-16 12-03-17
[20, 5, 140, 0, 240, 156, 240, 23, 25, 0, 0, 140, 0, 0, 0, 80, 136, 75, 0, 75, 0]
12-02-16 12-03-17 12-04-16
[0, 6, 0, 140, 0, 240, 0, 30, 29, 1, 28, 140, 0, 0, 160, 0, 160, 100, 10, 85, 100]
12-03-17 12-04-16 12-05-16
[0, 4, 0, 140, 0, 144, 240, 19, 0, 30, 20, 140, 77, 140, 104, 96, 8, 0, 100, 0, 0]
12-04-16 12-05-16 12-06-15
[13, 1, 70, 0, 216, 156, 0, 25, 30, 0, 0, 140, 0, 91, 0, 128, 120, 80, 100, 25, 100]
12-05-16 12-06-15 12-07-15
[0, 20, 70, 14, 0, 0, 240, 0, 15, 0, 19, 0, 140, 140, 0, 160, 128, 0, 0, 50, 90]
12-06-15 12-07-15 12-08-14
[20, 0, 0, 0, 0, 204, 12, 0, 30, 30, 0, 0, 49, 56, 96, 160, 0, 100, 100, 100, 100]
12-07-15 12-08-14 12-09-13
[0, 0, 0, 28, 240, 240, 0, 0, 19, 29, 12, 133, 140, 133, 0, 160, 40, 0, 80, 100, 5]
12-08-14 12-09-13 12-10-13
[20, 6, 70, 0, 132, 48, 240, 0, 0, 0, 3, 119, 0, 126, 88, 0, 0, 100, 100, 0, 75]
12-09-13 12-10-13 12-11-12
[0, 0, 98, 0, 240, 240, 240, 24, 0, 0, 30, 0, 98, 0, 0, 0, 0, 100, 0, 30, 35]
12-10-13 12-11-12 12-12-12
[3, 9, 70, 140, 240, 0, 240, 8, 29, 25, 30, 98, 140, 140, 144, 56, 80, 15, 80, 80, 0]
12-11-12 12-12-12 13-01-11
[0, 20, 140, 140, 12, 108, 0, 0, 30, 0, 0, 0, 140, 28, 0, 120, 80, 100, 30, 95, 0]
12-12-12 13-01-11 13-02-10
[20, 19, 0, 140, 0, 240, 132, 7, 11, 30, 0, 0, 0, 98, 80, 0, 48, 100, 70, 0, 70]
13-01-11 13-02-10 13-03-12
[0, 0, 140, 140, 156, 156, 204, 30, 0, 4, 0, 56, 91, 0, 0, 136, 72, 50, 0, 0, 100]
13-02-10 13-03-12 13-04-11
[18, 0, 28, 140, 0, 0, 240, 0, 0, 15, 19, 0, 0, 84, 0, 160, 160, 100, 100, 0, 100]
13-03-12 13-04-11 13-05-11
[20, 0, 0, 140, 12, 240, 0, 20, 0, 30, 22, 119, 0, 98, 0, 144, 24, 85, 5, 100, 65]
13-04-11 13-05-11 13-06-10
[20, 20, 0, 84, 96, 240, 240, 17, 0, 30, 0, 0, 56, 140, 152, 152, 0, 30, 40, 0, 0]
13-05-11 13-06-10 13-07-10
[9, 10, 140, 0, 0, 0, 0, 23, 16, 0, 0, 98, 119, 140, 160, 152, 0, 5, 30, 0, 0]
13-06-10 13-07-10 13-08-09
[0, 20, 0, 140, 240, 24, 240, 12, 0, 30, 0, 0, 140, 35, 0, 136, 88, 75, 50, 0, 0]
13-07-10 13-08-09 13-09-08
[18, 0, 0, 140, 240, 84, 0, 0, 19, 30, 30, 140, 56, 0, 160, 0, 160, 55, 100, 0, 0]
13-08-09 13-09-08 13-10-08
[8, 13, 140, 126, 240, 168, 132, 15, 20, 28, 29, 56, 0, 140, 152, 160, 64, 20, 0, 15, 65]
13-09-08 13-10-08 13-11-07
[6, 15, 0, 140, 0, 240, 240, 13, 25, 0, 0, 140, 0, 56, 32, 0, 144, 0, 0, 85, 100]
13-10-08 13-11-07 13-12-07
[20, 0, 0, 126, 0, 0, 240, 0, 5, 0, 0, 105, 0, 140, 160, 0, 160, 85, 100, 100, 70]
