11-03-23 11-04-22 11-05-22
[0, 12, 140, 84, 36, 132, 240, 28, 0, 30, 0, 140, 0, 140, 144, 40, 0, 100, 0, 70, 45]
11-04-22 11-05-22 11-06-21
[0, 0, 0, 0, 48, 240, 0, 23, 30, 0, 0, 49, 0, 91, 160, 96, 160, 0, 100, 85, 55]
11-05-22 11-06-21 11-07-21
[17, 18, 0, 0, 216, 0, 240, 0, 30, 0, 30, 0, 0, 0, 0, 88, 80, 100, 0, 35, 0]
11-06-21 11-07-21 11-08-20
[0, 20, 0, 0, 0, 240, 192, 30, 29, 18, 27, 56, 0, 42, 0, 88, 16, 0, 50, 100, 65]
11-07-21 11-08-20 11-09-19
[0, 20, 98, 140, 204, 0, 0, 30, 0, 0, 0, 0, 112, 0, 144, 0, 112, 65, 100, 100, 100]
11-08-20 11-09-19 11-10-19
[10, 3, 0, 0, 48, 240, 216, 28, 14, 21, 15, 0, 140, 0, 0, 0, 0, 100, 20, 0, 0]
11-09-19 11-10-19 11-11-18
[6, 19, 140, 0, 240, 240, 228, 0, 22, 30, 1, 140, 0, 0, 0, 0, 8, 100, 80, 100, 0]
11-10-19 11-11-18 11-12-18
[20, 0, 140, 28, 240, 0, 0, 19, 0, 30, 6, 0, 140, 140, 160, 160, 0, 100, 100, 65, 40]
11-11-18 11-12-18 12-01-17
[0, 0, 98, 0, 192, 240, 0, 0, 21, 30, 0, 0, 140, 0, 88, 88, 0, 80, 100, 65, 100]
11-12-18 12-01-17 12-02-16
[20, 20, 98, 140, 204, 228, 240, 0, 16, 30, 0, 77, 0, 0, 160, 0, 160, 100, 0, 0, 0]
12-01-17 12-02-16 12-03-17
[0, 20, 140, 0, 0, 84, 0, 15, 7, 0, 17, 0, 0, 0, 0, 136, 152, 80, 0, 0, 5]
12-02-16 12-03-17 12-04-16
[0, 8, 0, 70, 0, 0, 0, 30, 19, 27, 30, 0, 0, 0, 0, 0, 0, 0, 95, 40, 100]
12-03-17 12-04-16 12-05-16
[0, 20, 0, 140, 0, 180, 240, 0, 17, 16, 21, 133, 140, 126, 0, 0, 160, 0, 90, 0, 0]
12-04-16 12-05-16 12-06-15
[15, 13, 14, 0, 240, 0, 0, 14, 30, 0, 23, 63, 0, 105, 0, 32, 160, 100, 100, 100, 30]
12-05-16 12-06-15 12-07-15
[20, 5, 140, 140, 0, 132, 36, 0, 16, 0, 30, 0, 112, 49, 0, 144, 152, 80, 0, 40, 70]
12-06-15 12-07-15 12-08-14
[18, 0, 112, 0, 168, 96, 120, 0, 23, 14, 0, 0, 77, 140, 160, 160, 0, 100, 100, 40, 100]
12-07-15 12-08-14 12-09-13
[0, 0, 0, 56, 120, 72, 240, 0, 10, 9, 24, 140, 63, 140, 0, 48, 8, 0, 100, 20, 100]
12-08-14 12-09-13 12-10-13
[12, 20, 140, 0, 168, 0, 96, 21, 0, 0, 30, 49, 0, 140, 128, 0, 0, 60, 90, 75, 100]
12-09-13 12-10-13 12-11-12
[0, 0, 140, 0, 216, 0, 36, 1, 12, 8, 30, 112, 7, 0, 0, 0, 0, 70, 80, 75, 100]
12-10-13 12-11-12 12-12-12
[20, 0, 140, 0, 240, 0, 0, 0, 30, 0, 26, 140, 0, 0, 0, 160, 160, 80, 70, 45, 100]
12-11-12 12-12-12 13-01-11
[0, 16, 98, 140, 240, 144, 0, 27, 30, 0, 0, 14, 119, 140, 160, 160, 160, 100, 0, 50, 0]
12-12-12 13-01-11 13-02-10
[6, 0, 0, 140, 0, 204, 48, 30, 0, 29, 0, 0, 0, 77, 128, 0, 112, 0, 70, 50, 0]
13-01-11 13-02-10 13-03-12
[0, 0, 0, 98, 240, 240, 168, 0, 27, 2, 0, 49, 14, 140, 0, 0, 80, 95, 100, 100, 15]
13-02-10 13-03-12 13-04-11
[4, 0, 70, 140, 0, 0, 168, 0, 30, 30, 30, 0, 0, 140, 0, 152, 104, 100, 0, 0, 100]
13-03-12 13-04-11 13-05-11
[17, 19, 0, 140, 204, 240, 0, 30, 0, 29, 21, 140, 0, 140, 104, 160, 40, 65, 95, 60, 0]
13-04-11 13-05-11 13-06-10
[20, 20, 0, 0, 0, 132, 156, 30, 0, 13, 0, 49, 140, 140, 0, 160, 0, 45, 65, 0, 100]
13-05-11 13-06-10 13-07-10
[20, 20, 140, 0, 0, 240, 0, 12, 30, 0, 0, 119, 140, 84, 144, 160, 160, 85, 10, 0, 90]
13-06-10 13-07-10 13-08-09
[0, 13, 0, 140, 0, 204, 0, 11, 0, 22, 23, 0, 140, 63, 160, 8, 56, 100, 45, 0, 0]
13-07-10 13-08-09 13-09-08
[18, 0, 0, 28, 0, 48, 60, 0, 30, 30, 30, 0, 84, 0, 160, 0, 160, 100, 40, 0, 95]
13-08-09 13-09-08 13-10-08
[13, 19, 0, 0, 168, 204, 24, 30, 27, 24, 15, 91, 0, 14, 40, 160, 160, 25, 5, 75, 100]
13-09-08 13-10-08 13-11-07
[9, 20, 140, 14, 180, 108, 96, 30, 10, 0, 0, 140, 0, 56, 120, 40, 0, 40, 0, 100, 90]
13-10-08 13-11-07 13-12-07
[16, 0, 0, 98, 0, 0, 96, 0, 27, 0, 0, 140, 0, 0, 160, 0, 32, 25, 55, 55, 25]
