11-03-23 11-04-22 11-05-22
[0, 9, 13, 30, 21, 26, 26, 6, 0, 30, 0, 40, 0, 36, 25, 24, 25, 18, 0, 20, 19]
11-04-22 11-05-22 11-06-21
[6, 0, 0, 27, 16, 35, 0, 17, 28, 0, 29, 34, 0, 16, 6, 0, 22, 0, 19, 18, 12]
11-05-22 11-06-21 11-07-21
[0, 7, 7, 0, 48, 26, 32, 0, 8, 0, 30, 0, 0, 39, 0, 25, 22, 0, 20, 0, 3]
11-06-21 11-07-21 11-08-20
[0, 1, 0, 0, 50, 42, 6, 4, 18, 30, 27, 29, 40, 17, 0, 22, 0, 0, 0, 18, 20]
11-07-21 11-08-20 11-09-19
[0, 10, 25, 19, 13, 50, 50, 30, 0, 0, 0, 20, 40, 0, 25, 0, 25, 11, 9, 15, 10]
11-08-20 11-09-19 11-10-19
[4, 10, 0, 0, 0, 38, 28, 16, 21, 30, 15, 0, 12, 0, 25, 0, 19, 0, 4, 15, 0]
11-09-19 11-10-19 11-11-18
[0, 0, 30, 0, 23, 38, 19, 0, 13, 24, 19, 0, 0, 0, 0, 0, 12, 17, 20, 0, 15]
11-10-19 11-11-18 11-12-18
[10, 0, 30, 30, 38, 0, 0, 30, 0, 30, 16, 40, 1, 40, 20, 0, 0, 0, 20, 20, 0]
11-11-18 11-12-18 12-01-17
[0, 0, 3, 0, 37, 4, 33, 0, 30, 26, 0, 0, 40, 20, 3, 19, 18, 18, 18, 1, 17]
11-12-18 12-01-17 12-02-16
[10, 4, 21, 16, 26, 50, 50, 0, 30, 30, 0, 37, 40, 24, 18, 0, 4, 2, 0, 0, 0]
12-01-17 12-02-16 12-03-17
[10, 1, 15, 0, 12, 50, 0, 7, 12, 0, 0, 7, 36, 40, 0, 19, 0, 20, 0, 0, 20]
12-02-16 12-03-17 12-04-16
[0, 10, 0, 30, 50, 37, 0, 20, 30, 29, 30, 40, 0, 0, 11, 25, 0, 16, 20, 20, 17]
12-03-17 12-04-16 12-05-16
[0, 10, 0, 12, 0, 28, 50, 30, 0, 30, 30, 26, 27, 40, 19, 0, 0, 0, 20, 0, 0]
12-04-16 12-05-16 12-06-15
[2, 9, 30, 9, 50, 0, 50, 29, 2, 0, 28, 27, 0, 0, 0, 0, 21, 20, 16, 8, 20]
12-05-16 12-06-15 12-07-15
[0, 2, 5, 14, 0, 20, 23, 0, 14, 27, 30, 0, 40, 6, 0, 1, 10, 8, 0, 4, 14]
12-06-15 12-07-15 12-08-14
[0, 0, 19, 0, 50, 25, 41, 0, 30, 2, 0, 0, 21, 10, 25, 17, 0, 20, 7, 0, 20]
12-07-15 12-08-14 12-09-13
[0, 0, 0, 30, 0, 50, 50, 0, 29, 18, 30, 40, 29, 35, 0, 0, 25, 0, 8, 17, 11]
12-08-14 12-09-13 12-10-13
[10, 10, 28, 0, 48, 47, 46, 0, 0, 0, 12, 7, 0, 29, 25, 0, 0, 20, 20, 0, 20]
12-09-13 12-10-13 12-11-12
[0, 10, 29, 0, 46, 0, 32, 30, 0, 30, 0, 40, 40, 0, 25, 0, 0, 0, 0, 20, 20]
12-10-13 12-11-12 12-12-12
[0, 0, 27, 19, 38, 50, 22, 30, 5, 30, 30, 32, 33, 40, 21, 19, 25, 20, 15, 20, 13]
12-11-12 12-12-12 13-01-11
[0, 1, 30, 23, 17, 45, 50, 0, 5, 0, 0, 32, 40, 39, 0, 25, 14, 0, 20, 0, 0]
12-12-12 13-01-11 13-02-10
[10, 0, 0, 30, 0, 39, 34, 16, 16, 6, 0, 34, 0, 7, 25, 0, 25, 20, 20, 12, 15]
13-01-11 13-02-10 13-03-12
[0, 0, 8, 26, 44, 41, 29, 14, 0, 8, 0, 3, 26, 31, 0, 0, 0, 0, 0, 0, 7]
13-02-10 13-03-12 13-04-11
[10, 10, 10, 27, 50, 50, 36, 0, 30, 30, 13, 0, 0, 30, 0, 10, 13, 20, 20, 0, 0]
13-03-12 13-04-11 13-05-11
[9, 0, 0, 6, 47, 50, 0, 14, 0, 3, 19, 40, 0, 17, 0, 25, 25, 13, 20, 10, 0]
13-04-11 13-05-11 13-06-10
[10, 10, 0, 27, 50, 45, 43, 0, 0, 14, 0, 25, 15, 12, 5, 11, 0, 19, 20, 0, 0]
13-05-11 13-06-10 13-07-10
[2, 0, 17, 15, 50, 50, 15, 30, 30, 9, 30, 39, 36, 34, 0, 25, 22, 11, 3, 20, 15]
13-06-10 13-07-10 13-08-09
[0, 2, 30, 19, 50, 27, 39, 5, 0, 11, 30, 40, 40, 27, 0, 25, 0, 3, 0, 0, 0]
13-07-10 13-08-09 13-09-08
[10, 0, 0, 14, 50, 25, 50, 0, 30, 15, 30, 31, 24, 16, 0, 0, 24, 20, 16, 0, 0]
13-08-09 13-09-08 13-10-08
[2, 10, 24, 28, 30, 23, 50, 13, 17, 10, 30, 40, 40, 28, 25, 11, 24, 20, 1, 1, 20]
13-09-08 13-10-08 13-11-07
[10, 4, 0, 30, 26, 33, 41, 26, 30, 0, 0, 0, 0, 19, 0, 25, 0, 0, 0, 15, 11]
13-10-08 13-11-07 13-12-07
[6, 10, 0, 7, 34, 0, 46, 0, 0, 30, 23, 18, 40, 0, 23, 0, 5, 15, 8, 10, 11]
