11-03-23 11-04-22 11-05-22
[0, 20, 112, 140, 12, 12, 240, 30, 0, 24, 0, 0, 0, 56, 160, 160, 0, 100, 0, 100, 90]
11-04-22 11-05-22 11-06-21
[13, 14, 0, 0, 0, 48, 240, 10, 27, 0, 29, 0, 0, 126, 160, 0, 160, 0, 0, 55, 100]
11-05-22 11-06-21 11-07-21
[0, 20, 0, 0, 120, 144, 240, 0, 28, 0, 25, 0, 0, 0, 0, 80, 32, 0, 65, 0, 100]
11-06-21 11-07-21 11-08-20
[0, 8, 0, 0, 0, 0, 0, 15, 29, 26, 27, 77, 0, 91, 0, 72, 160, 0, 85, 100, 50]
11-07-21 11-08-20 11-09-19
[0, 12, 140, 98, 168, 240, 108, 25, 0, 0, 0, 0, 105, 0, 24, 160, 0, 100, 85, 100, 15]
11-08-20 11-09-19 11-10-19
[16, 7, 0, 0, 0, 24, 0, 7, 0, 30, 30, 84, 98, 0, 0, 0, 88, 0, 100, 85, 100]
11-09-19 11-10-19 11-11-18
[0, 5, 0, 0, 240, 240, 12, 0, 0, 28, 30, 0, 0, 0, 0, 0, 160, 55, 100, 5, 0]
11-10-19 11-11-18 11-12-18
[0, 0, 140, 140, 156, 0, 0, 10, 0, 28, 30, 0, 140, 0, 160, 0, 0, 0, 0, 100, 35]
11-11-18 11-12-18 12-01-17
[0, 0, 0, 0, 0, 48, 0, 0, 19, 0, 0, 0, 126, 140, 8, 136, 160, 100, 60, 10, 100]
11-12-18 12-01-17 12-02-16
[2, 20, 140, 14, 216, 192, 240, 0, 5, 28, 0, 112, 0, 0, 152, 0, 136, 100, 100, 0, 0]
12-01-17 12-02-16 12-03-17
[14, 17, 0, 0, 240, 240, 0, 30, 26, 0, 0, 0, 105, 0, 0, 112, 0, 75, 100, 0, 0]
12-02-16 12-03-17 12-04-16
[0, 8, 0, 140, 0, 96, 0, 18, 3, 3, 30, 0, 0, 0, 160, 160, 0, 45, 100, 100, 100]
12-03-17 12-04-16 12-05-16
[0, 15, 0, 28, 240, 0, 0, 8, 0, 9, 30, 140, 70, 105, 128, 120, 112, 0, 80, 0, 0]
12-04-16 12-05-16 12-06-15
[20, 18, 126, 0, 240, 0, 0, 22, 30, 0, 30, 140, 0, 0, 0, 152, 152, 90, 60, 70, 5]
12-05-16 12-06-15 12-07-15
[13, 20, 140, 140, 0, 0, 36, 7, 30, 0, 30, 0, 140, 77, 0, 88, 112, 45, 0, 100, 15]
12-06-15 12-07-15 12-08-14
[8, 0, 140, 0, 144, 240, 0, 0, 6, 8, 0, 0, 140, 7, 32, 56, 0, 40, 40, 0, 100]
12-07-15 12-08-14 12-09-13
[12, 0, 0, 98, 0, 180, 228, 0, 30, 20, 28, 140, 70, 126, 0, 160, 160, 0, 100, 15, 100]
12-08-14 12-09-13 12-10-13
[9, 8, 140, 0, 168, 240, 108, 27, 0, 0, 6, 140, 0, 0, 0, 0, 0, 20, 35, 100, 0]
12-09-13 12-10-13 12-11-12
[0, 0, 140, 0, 240, 0, 240, 16, 15, 18, 0, 133, 35, 0, 0, 0, 0, 100, 0, 95, 95]
12-10-13 12-11-12 12-12-12
[20, 0, 0, 0, 240, 0, 108, 0, 19, 0, 30, 140, 0, 63, 0, 136, 0, 100, 75, 90, 0]
12-11-12 12-12-12 13-01-11
[0, 13, 140, 140, 192, 132, 0, 30, 0, 0, 0, 140, 98, 140, 0, 160, 136, 65, 40, 30, 0]
12-12-12 13-01-11 13-02-10
[20, 20, 0, 84, 0, 240, 192, 30, 30, 5, 0, 0, 0, 56, 80, 0, 128, 20, 100, 100, 0]
13-01-11 13-02-10 13-03-12
[13, 0, 0, 56, 240, 240, 240, 24, 26, 25, 0, 140, 0, 140, 0, 0, 0, 75, 0, 100, 65]
13-02-10 13-03-12 13-04-11
[2, 0, 0, 140, 0, 0, 240, 0, 0, 28, 25, 0, 0, 0, 160, 32, 160, 35, 100, 0, 0]
13-03-12 13-04-11 13-05-11
[20, 18, 0, 140, 168, 144, 0, 28, 0, 11, 9, 77, 0, 140, 0, 152, 136, 100, 100, 0, 0]
13-04-11 13-05-11 13-06-10
[20, 10, 0, 0, 240, 240, 240, 30, 0, 30, 0, 140, 77, 140, 0, 72, 0, 100, 100, 0, 0]
13-05-11 13-06-10 13-07-10
[20, 14, 112, 0, 0, 0, 0, 28, 22, 30, 29, 98, 133, 140, 152, 0, 160, 30, 60, 0, 0]
13-06-10 13-07-10 13-08-09
[0, 13, 0, 126, 12, 240, 72, 11, 0, 22, 30, 0, 140, 140, 160, 160, 0, 100, 100, 0, 0]
13-07-10 13-08-09 13-09-08
[20, 0, 84, 70, 0, 240, 0, 0, 26, 11, 1, 0, 98, 0, 0, 0, 88, 95, 100, 0, 0]
13-08-09 13-09-08 13-10-08
[17, 17, 0, 84, 144, 216, 216, 17, 3, 26, 16, 112, 119, 119, 56, 0, 0, 80, 85, 90, 85]
13-09-08 13-10-08 13-11-07
[20, 20, 56, 140, 0, 240, 240, 30, 23, 0, 0, 140, 0, 140, 0, 64, 0, 95, 0, 95, 90]
13-10-08 13-11-07 13-12-07
[18, 19, 0, 112, 0, 0, 36, 0, 30, 30, 0, 140, 35, 0, 160, 80, 160, 5, 85, 5, 80]
